1:8888 6233 3258 949 
2:29604 28964 48164 9125 56681 57207 198961 52116 52021 196886 47479 50781 
3:38369 45096 37963 59051 59052 24429 45102 45103 45104 59053 59054 59028 59055 45108 134963 
4:136969 142300 
5:51057 196755 57877 205215 8399 
6:211459 139989 
7:205025 205544 30633 396362 19148 394380 60781 395954 27411 396190 25847 15003 393886 
8:2304 2305 2306 2307 2308 2309 2310 2311 2312 2313 2314 2315 2316 2317 2318 2319 2320 2321 2322 2323 2324 2325 2326 2327 24600 25113 2328 2329 2330 2331 2332 2333 2334 2335 2336 2337 28708 2338 2339 2340 2341 2342 2343 2344 2345 2346 2347 2348 2349 2350 2351 2352 2353 2354 2355 2356 2357 2358 2359 2360 2361 2362 2363 2364 2365 2366 2367 2368 2369 2370 2371 2372 2373 2374 2375 2376 2377 25186 2917 37492 5511 3215 16028 41128 8891 328126 5583 199140 2278 2279 2280 2281 2282 2283 2284 2285 2286 2287 2288 2289 2290 2291 2292 2293 2294 2295 2296 2297 2298 2299 2300 2301 2302 2303 
9:27652 22085 4230 
10:141504 141505 141316 4758 141499 141500 141501 141502 141503 
11:61689 273683 
12:48668 57421 
13:9264 18217 24167 
14:203050 209579 
15:49260 43652 47943 34425 61290 47787 50028 
16:23680 38467 23944 6163 59348 38741 45782 24377 131288 38811 10141 18016 55650 45156 9386 17970 24306 45622 6648 24505 
17:133522 136933 138630 132325 55720 
18:56696 33770 30844 
19:56274 45445 24024 45241 132380 30383 
20:271517 264510 
21:37281 37322 36924 
22:17888 7473 38612 7700 10140 24493 
23:47449 54625 50058 
24:199114 10599 
25:134542 134543 135061 17816 140707 140716 140717 136958 140720 4659 140979 138421 133118 140726 136959 133119 4799 137539 4808 9929 4814 17620 17621 17622 17623 140886 63836 63837 10206 4837 139007 17788 17789 17790 17791 
26:38498 38482 45493 17451 38060 
27:263185 265667 265668 265669 269805 
28:15169 395973 36039 36040 19527 22859 36561 26910 19425 16550 40873 55023 22577 139190 396982 43515 26684 13949 139070 
29:27986 27651 27925 6471 19228 28047 
30:577 11489 7398 36522 6539 684 11566 6608 7122 855 601 602 8187 
31:21433 3573 
32:132068 55799 134520 45785 63916 
33:210644 216246 
34:49392 51659 26383 398343 
35:22822 26506 25804 23059 27191 23164 37277 23135 
36:151664 151326 
37:40850 266925 399535 
38:133651 151133 
39:267752 263218 
40:31881 54570 27822 32806 
41:24028 24068 
42:271751 265287 
43:142516 135750 24186 142538 151100 
44:55040 19973 2828 6167 7192 7193 284 10784 11303 4908 813 814 815 816 817 12079 10805 19262 6976 14405 14406 14407 2634 8016 19025 19026 19027 19028 8017 6995 4183 14164 5725 13661 13662 13663 13664 13665 13666 13667 13668 13669 7014 13670 13671 11113 11371 23148 7021 6256 4981 22394 3707 3963 3964 3965 3966 7046 11145 11146 11147 11148 18573 6541 4239 11149 21910 7836 3493 12199 8112 8113 6066 8114 8115 701 702 703 704 705 12234 6350 15056 15057 15058 17106 15060 14551 14040 4313 32471 18652 18653 11486 18654 63200 10719 10720 6113 14311 19698 19699 2548 22521 9466 
45:397849 400780 205111 2639 
46:133840 55685 137303 
47:34306 15557 15890 12626 12566 49112 208157 8228 47206 39079 3305 9003 34860 49902 35632 43763 47355 29372 21502 
48:132608 58918 138157 17806 58420 56121 58778 58911 
49:265436 263038 
50:211061 399448 400891 399516 14445 
51:60064 150678 134512 202190 
52:151808 38081 55554 38082 55490 38599 132618 38543 17552 45200 151825 133907 17556 18197 131162 132061 55646 132605 55844 45805 7470 55790 58544 136182 17468 55549 55868 
53:57976 55497 
54:140443 151399 
55:136312 141335 
56:213120 31107 31108 31109 31110 35204 31377 393234 32787 33047 21399 26008 35993 35994 39836 18717 23454 23455 34850 48163 17204 22452 17334 49846 36029 16702 45757 22207 12222 200005 20940 63949 30675 36183 393560 55770 20189 21342 23903 49249 21357 133103 31984 55409 33905 16625 34164 43639 18680 24319 
57:131633 59598 57175 
58:131996 132829 138598 
59:23520 18677 262191 
60:24088 38253 
61:59993 203458 199099 57870 
62:30722 31334 20825 3209 3211 12302 12663 1273 44957 
63:199904 201746 
64:131648 131649 131650 9924 24158 4636 131614 131647 
65:205516 200590 
66:47814 199527 204746 13194 211614 42480 208030 21016 210906 28699 2588 48798 
67:58336 49922 210903 
68:38210 23991 
69:55460 151344 10199 4755 17908 6453 6421 9238 
70:35523 41540 62492 21390 15772 24685 198132 5593 1820 29693 
71:399976 47316 44445 
72:50472 13020 39788 
73:399937 2051 23460 13445 22183 3943 36519 26092 109 40590 6577 16472 54140 
74:52468 28124 53108 52245 
75:9056 3058 3267 9206 25371 3343 
76:134864 138257 
77:262439 52783 
78:36356 30213 32785 21522 39955 22291 13343 20001 393250 11818 10796 33325 36398 33332 36409 35898 26368 30275 10311 7756 36429 33363 33364 35925 35926 11351 10838 19548 23132 31873 32387 33424 20115 22677 30360 23200 11426 11427 7843 40104 19115 7851 26797 33456 11955 22710 23222 18623 23231 26825 54473 30411 32465 19157 33497 32994 23270 14065 10994 398582 398583 13560 398584 398585 398586 398587 398588 398589 398590 398591 398592 398593 398594 398595 398596 398597 398598 398599 398600 398601 398602 398603 29965 398604 398605 398606 398607 398608 398609 398610 398611 398612 398613 398614 398615 398616 40219 398617 398618 398619 398620 398621 398622 398623 398624 398628 398625 398626 398627 398629 398630 398631 398632 398633 398634 27431 26408 32557 33588 11060 36662 32060 26951 40264 27464 27476 32089 27484 33634 40294 7017 8052 36727 36608 16765 17277 3456 6534 11654 30603 36754 16787 26003 32543 20231 36775 22269 36778 16817 11707 26044 22974 33219 30660 30670 17359 33747 26583 33243 36834 23524 12262 12270 12271 22513 27635 19444 22516 
79:50738 61302 
80:139144 136907 63727 149167 131444 55990 151610 141180 
81:38760 55666 
82:62292 51013 
83:211421 41689 203000 51433 43754 60077 
84:265929 262427 
85:51601 41095 140951 135993 43565 
86:28032 52280 262589 18678 
87:15457 42580 1897 24698 2860 12542 
88:59281 56242 
89:60000 12600 62245 28744 43432 24938 13100 39757 47886 15830 48088 5562 39003 
90:16338 6739 12357 3273 12430 
91:27334 11272 15212 19565 396926 
92:43737 19531 33559 43755 
93:41767 3214 35536 35537 4785 57969 39220 208982 43959 43992 205758 
94:12091 36962 9129 11569 4178 24788 2905 28698 4571 16637 
95:42465 35788 7598 44444 
96:205209 25003 
97:138121 23947 46038 131111 
98:146962 58411 
99:142033 132220 
100:394684 28007 
101:135905 45898 45899 7643 
102:3844 262 263 20110 140945 275 11158 280 6944 38561 685 1225 3150 93 3934 3936 97 2914 3937 3938 3939 3940 3941 3942 3945 3946 3947 3948 3949 23918 7019 139760 114 253 
103:29632 43426 42372 8772 207336 29390 39249 60817 12792 
104:31518 43623 
105:24451 45832 23689 45462 18392 24091 45343 38822 4775 132199 45799 139626 38445 131121 55730 24179 132595 132853 23606 23996 
106:268512 269713 
107:20776 328728 
108:140610 138162 141364 141367 141435 45755 
109:8384 8195 517 8582 8390 56518 5580 60883 6808 3291 8861 6814 286 8928 2858 6320 12469 5496 3257 8379 
110:27929 271885 
111:28584 28605 
112:133508 133511 133512 133513 133514 133515 133516 133517 133518 133519 135501 135502 135503 135504 135505 135506 135507 135508 133111 38587 
113:263173 6535 27978 6429 19338 
114:38136 139299 139734 983 
